00000011111000000000000000
00011110001000000000000000
01110000011000000000000000
01000000010000000000000000
01100000010000000000000000
00100000011000000000000000
00100000001100000000000000
00100000000110000000000000
00100000000011100000000000
01100000000000111000000000
01000000000000001111110000
11000000000000000000011000
10000000000000000000001000
10000000000000000000001110
10000000000000000000000011
10000000000000000000000011
11000000000000000000000110
01000000000000000000011100
01100000000000000000010000
00100000000000000000011000
00110000000000000000011000
00011000000000000000110000
00001100000000011111100000
00000111000011110000000000
00000001111110000000000000